dimensions.n_x_vec = [10,20,50];
dimensions.n_y_vec = [10,10,25];
dimensions.n_ineq_vec = [10,10,20]*0.5;
% Medium
% settings.random_problem_sizes = 1;
% dimensions.N_problems_same_dimensions = 1;  % number of problems of each size
% dimensions.N_rand_prob = 1;
% dimensions.n_x_vec =    [5,10,20,50,75,100,100,200,300,500,500,700];
% dimensions.n_y_vec =    [5,10,10,25,40,50,100,100,150,200,250,300];
% dimensions.n_ineq_vec = [10,10,10,50,50,40,250,250,300,500,1000,1200];
% dimensions.n_x_vec =    [2,5,10,20,50,75,100,100,200,300];
% dimensions.n_y_vec =    [2,5,10,10,25,40,50,100,100,150];
% dimensions.n_ineq_vec = [5,10,10,10,50,50,40,250,250,500];

% Large test ste
% dimensions.n_x_vec = [5,10,20,50,75,100,100,200,300,400,1000,2000,2500];
% dimensions.n_y_vec = [5,10,10,25,40,50,100,100,250,300,700,1000,1500];
% dimensions.n_ineq_vec = [10,10,10,50,50,40,250,250,500,700,1000];

dimensions.n_x_vec = [10,20,50,75,100,100,200];
dimensions.n_y_vec = [10,10,25,40,50,70,100];
dimensions.n_ineq_vec = [10,10,20,50,40,250,400];