matlab_blue = [0 0.4470 0.7410];
matlab_red = [0.8500 0.3250 0.0980];
matlab_orange  = [0.9290 0.6940 0.1250];
matlab_magenta = [0.4940 0.1840 0.5560];
matlab_green  = [0.4660 0.6740 0.1880];
matlab_sky_blue = [0.3010 0.7450 0.9330];
matlab_blood_red = [0.6350 0.0780 0.1840];